22 470 275 46 34
23 473 276 40 23
24 474 276 39 20
25 474 277 39 22
26 471 276 47 34
27 472 276 45 35
28 472 274 44 37
29 472 274 44 37
30 473 275 44 37
31 472 276 46 36
32 471 278 47 37
33 472 278 47 37
34 472 278 49 36
35 472 278 49 36
36 472 278 49 37
37 473 278 49 37
38 478 280 45 34
39 478 281 47 34
40 478 281 48 34
41 478 281 47 35
42 479 281 45 35
43 480 281 45 37
44 480 281 46 37
45 481 281 44 37
46 480 281 45 38
47 481 282 47 40
48 482 282 48 39
49 482 283 49 41
50 482 282 49 42
51 481 282 50 42
52 483 283 49 42
53 483 284 49 41
54 483 286 50 42
55 482 285 51 43
56 484 285 50 45
57 483 286 51 44
58 483 286 50 44
59 484 291 53 42
60 483 290 54 43
61 484 289 54 45
62 485 290 54 45
63 483 291 57 45
64 485 292 54 44
65 484 293 57 45
66 484 293 57 45
67 485 294 57 47
68 484 293 57 47
69 485 295 57 48
70 485 297 57 46
71 484 297 59 47
72 485 298 58 47
73 485 297 58 48
74 487 298 55 48
75 486 298 57 49
76 485 298 59 49
77 486 303 61 49
78 485 303 61 51
79 485 303 61 52
80 485 304 62 52
81 486 303 66 54
82 488 306 66 52
83 485 306 69 55
84 485 308 70 54
85 486 309 69 53
86 485 308 72 55
87 485 309 71 55
88 486 309 72 57
89 485 309 74 58
90 490 315 73 54
91 491 315 70 56
92 490 308 64 59
92 492 313 69 59
93 491 315 72 59
94 491 316 72 59
95 493 317 69 59
96 493 318 68 60
97 493 320 69 59
98 476 322 84 59
98 494 321 68 60
99 488 319 72 64
99 495 321 65 62
100 489 318 70 66
100 496 321 64 63
101 490 318 67 67
101 496 320 63 64
102 495 321 67 62
103 492 323 74 66
103 491 323 75 68
104 491 324 74 67
104 492 326 73 68
105 489 324 78 67
105 490 327 76 66
106 491 323 75 69
107 491 323 75 71
108 492 324 75 71
108 496 332 74 67
109 491 326 77 73
109 498 333 73 66
110 500 337 71 67
110 493 325 75 76
111 492 325 78 76
111 498 336 74 69
112 500 336 74 69
112 493 326 77 78
113 501 337 72 69
113 495 326 74 81
114 493 326 81 82
115 494 327 81 84
116 495 329 81 82
117 497 333 79 82
118 497 335 79 82
119 499 347 78 78
119 498 340 79 79
120 498 346 82 79
120 498 339 82 83
121 500 348 81 78
121 505 351 78 72
122 500 349 84 78
123 496 348 91 81
124 495 348 95 82
125 498 349 90 83
126 498 348 92 88
127 500 353 91 86
128 501 354 90 85
129 500 354 97 86
130 500 358 101 84
131 502 361 97 84
132 501 358 100 91
133 504 360 98 95
134 503 362 101 94
134 503 371 102 90
135 503 361 102 99
135 503 370 104 92
136 503 361 102 99
136 503 370 104 92
137 501 360 109 101
137 501 371 112 91
138 503 361 109 102
138 503 371 112 94
139 503 361 112 102
139 504 373 114 93
140 504 359 111 105
140 505 373 112 95
141 508 378 114 94
142 510 382 112 93
143 510 382 113 95
144 511 382 116 99
145 509 385 122 101
146 518 387 123 102
146 510 386 123 104
147 518 389 124 101
148 520 388 119 104
148 510 394 127 102
149 518 388 123 106
149 524 393 112 106
150 519 387 122 109
150 525 393 112 110
151 524 398 114 110
152 524 397 116 116
153 524 398 119 115
154 525 402 118 117
155 525 403 121 119
156 523 405 129 122
157 522 406 131 121
158 520 412 138 125
159 517 413 146 127
160 522 413 138 131
161 527 415 136 129
162 523 418 144 131
163 528 421 141 132
