47 520.885416666667 285.416666666667 37.1041666666667 32.109375
48 520.171875 283.989583333333 38.53125 34.9635416666667
49 520.885416666667 284.703125 37.1041666666667 34.25
50 520.885416666667 285.416666666667 37.1041666666667 34.25
51 521.598958333333 286.130208333333 37.1041666666667 33.5364583333333
52 523.026041666667 286.84375 36.390625 33.5364583333333
53 523.026041666667 286.130208333333 37.1041666666667 33.5364583333333
54 523.739583333333 286.84375 35.6770833333333 33.5364583333333
55 524.453125 286.84375 35.6770833333333 32.8229166666667
56 519.458333333333 286.84375 44.953125 37.8177083333333
57 520.171875 286.130208333333 44.953125 37.8177083333333
58 525.880208333333 287.557291666667 36.390625 32.8229166666667
59 520.171875 286.84375 45.6666666666667 37.8177083333333
60 520.171875 287.557291666667 46.3802083333333 38.53125
61 518.744791666667 286.84375 48.5208333333333 39.9583333333333
62 520.171875 288.270833333333 46.3802083333333 38.53125
63 520.885416666667 288.270833333333 45.6666666666667 39.2447916666667
64 522.3125 287.557291666667 42.8125 40.671875
65 520.885416666667 289.697916666667 45.6666666666667 38.53125
66 520.885416666667 289.697916666667 44.953125 39.2447916666667
67 521.598958333333 288.984375 44.953125 39.9583333333333
68 520.885416666667 289.697916666667 45.6666666666667 40.671875
69 521.598958333333 292.552083333333 47.09375 39.2447916666667
70 523.026041666667 292.552083333333 44.953125 39.2447916666667
71 522.3125 293.265625 46.3802083333333 39.2447916666667
72 522.3125 292.552083333333 46.3802083333333 39.9583333333333
73 522.3125 293.265625 47.09375 40.671875
74 520.885416666667 293.979166666667 49.234375 39.9583333333333
75 521.598958333333 293.979166666667 49.234375 41.3854166666667
76 521.598958333333 293.979166666667 49.234375 42.0989583333333
77 520.885416666667 295.40625 51.375 41.3854166666667
78 523.026041666667 295.40625 48.5208333333333 42.0989583333333
79 522.3125 296.833333333333 49.9479166666667 41.3854166666667
80 522.3125 296.833333333333 49.9479166666667 42.8125
81 522.3125 296.833333333333 51.375 42.0989583333333
82 523.026041666667 296.833333333333 49.9479166666667 43.5260416666667
83 522.3125 297.546875 51.375 44.2395833333333
84 523.739583333333 298.260416666667 49.234375 43.5260416666667
85 525.166666666667 298.973958333333 47.8072916666667 43.5260416666667
86 523.739583333333 298.973958333333 50.6614583333333 44.2395833333333
87 521.598958333333 298.973958333333 55.65625 46.3802083333333
88 521.598958333333 298.260416666667 54.9427083333333 47.8072916666667
89 521.598958333333 298.260416666667 55.65625 48.5208333333333
90 523.026041666667 299.6875 54.9427083333333 46.3802083333333
91 523.026041666667 301.828125 54.9427083333333 43.5260416666667
92 523.739583333333 299.6875 54.9427083333333 47.09375
93 520.171875 303.96875 62.7916666666667 48.5208333333333
94 520.171875 303.96875 62.078125 49.9479166666667
95 525.166666666667 304.682291666667 58.5104166666667 49.9479166666667
96 525.166666666667 306.822916666667 59.2239583333333 48.5208333333333
97 525.880208333333 307.536458333333 58.5104166666667 48.5208333333333
98 526.59375 307.536458333333 57.796875 49.234375
99 526.59375 307.536458333333 58.5104166666667 49.9479166666667
100 525.166666666667 307.536458333333 61.3645833333333 50.6614583333333
101 527.307291666667 310.390625 59.9375 49.9479166666667
102 525.166666666667 312.53125 62.7916666666667 49.9479166666667
103 526.59375 311.817708333333 61.3645833333333 52.0885416666667
104 525.880208333333 311.104166666667 64.21875 54.2291666666667
105 528.020833333333 310.390625 62.7916666666667 56.3697916666667
106 524.453125 311.104166666667 67.7864583333333 55.65625
107 525.880208333333 310.390625 67.0729166666667 56.3697916666667
108 528.734375 310.390625 63.5052083333333 56.3697916666667
109 527.307291666667 317.526041666667 69.2135416666667 54.2291666666667
109 530.161458333333 311.104166666667 63.5052083333333 53.515625
110 529.447916666667 318.953125 69.2135416666667 54.2291666666667
111 529.447916666667 319.666666666667 69.9270833333333 54.2291666666667
112 531.588541666667 319.666666666667 67.0729166666667 55.65625
113 528.734375 319.666666666667 69.9270833333333 59.2239583333333
114 531.588541666667 321.807291666667 69.2135416666667 58.5104166666667
115 532.302083333333 322.520833333333 67.7864583333333 59.9375
116 533.729166666667 321.807291666667 67.0729166666667 61.3645833333333
117 534.442708333333 322.520833333333 65.6458333333333 60.6510416666667
118 535.15625 324.661458333333 64.9322916666667 57.0833333333333
119 536.583333333333 326.088541666667 63.5052083333333 52.8020833333333
120 533.729166666667 331.796875 74.921875 61.3645833333333
121 534.442708333333 331.796875 76.3489583333333 64.21875
122 534.442708333333 333.9375 77.0625 64.21875
122 528.734375 326.802083333333 84.1979166666667 74.2083333333333
123 533.729166666667 333.9375 82.0572916666667 64.9322916666667
124 535.15625 334.651041666667 79.203125 67.0729166666667
125 535.15625 333.9375 79.203125 67.7864583333333
125 528.020833333333 333.223958333333 87.765625 74.921875
126 535.869791666667 333.223958333333 77.7760416666667 69.2135416666667
126 529.447916666667 333.223958333333 84.9114583333333 76.3489583333333
127 530.161458333333 333.9375 87.0520833333333 77.7760416666667
127 537.296875 340.359375 76.3489583333333 68.5
128 543.71875 338.932291666667 73.4947916666667 74.2083333333333
128 530.875 336.078125 85.625 76.3489583333333
129 543.71875 340.359375 72.78125 74.2083333333333
129 533.729166666667 336.791666666667 82.7708333333333 76.3489583333333
130 543.71875 343.927083333333 74.921875 71.3541666666667
130 533.729166666667 338.932291666667 82.7708333333333 79.203125
131 545.859375 343.927083333333 71.3541666666667 71.3541666666667
131 534.442708333333 340.359375 80.6302083333333 78.4895833333333
132 543.71875 342.5 74.2083333333333 77.7760416666667
132 543.005208333333 349.635416666667 77.0625 73.4947916666667
132 537.296875 346.78125 77.7760416666667 70.640625
133 545.145833333333 349.635416666667 72.0677083333333 74.921875
133 542.291666666667 350.348958333333 78.4895833333333 74.2083333333333
134 543.005208333333 351.776041666667 79.203125 72.78125
134 544.432291666667 351.0625 74.921875 72.78125
135 545.859375 355.34375 77.7760416666667 71.3541666666667
135 544.432291666667 351.0625 76.3489583333333 73.4947916666667
136 541.578125 351.776041666667 82.0572916666667 74.921875
137 541.578125 354.630208333333 84.1979166666667 73.4947916666667
138 542.291666666667 352.489583333333 83.484375 82.0572916666667
139 544.432291666667 355.34375 83.484375 84.1979166666667
140 545.859375 356.770833333333 82.7708333333333 82.7708333333333
141 545.859375 359.625 86.3385416666667 84.1979166666667
142 545.859375 363.192708333333 90.6197916666667 85.625
143 550.140625 362.479166666667 86.3385416666667 90.6197916666667
144 549.427083333333 363.192708333333 90.6197916666667 92.046875
144 548.713541666667 370.328125 91.3333333333333 92.7604166666667
145 549.427083333333 371.041666666667 92.046875 91.3333333333333
145 550.854166666667 363.90625 89.90625 93.4739583333333
146 550.140625 363.90625 92.046875 94.9010416666667
146 548 372.46875 94.1875 90.6197916666667
147 547.286458333333 375.322916666667 98.46875 89.1927083333333
148 546.572916666667 375.322916666667 98.46875 92.046875
149 548.713541666667 378.890625 101.322916666667 91.3333333333333
150 548 381.744791666667 104.177083333333 91.3333333333333
151 549.427083333333 380.317708333333 104.890625 98.46875
152 552.28125 383.171875 107.744791666667 99.8958333333333
153 552.994791666667 386.739583333333 107.03125 99.8958333333333
154 553.708333333333 385.3125 107.744791666667 104.890625
