30.2737
3840
2160
177 0.363281 0.496094 0.169922 0.150391
178 0.384766 0.492188 0.164062 0.148438
179 0.402344 0.488281 0.160156 0.144531
180 0.419922 0.480469 0.15625 0.142578
181 0.4375 0.476562 0.154297 0.140625
182 0.453125 0.46875 0.146484 0.138672
183 0.46875 0.464844 0.148438 0.134766
184 0.484375 0.460938 0.144531 0.128906
185 0.5 0.455078 0.136719 0.125
186 0.515625 0.451172 0.138672 0.126953
187 0.529297 0.443359 0.136719 0.123047
188 0.541016 0.441406 0.128906 0.125
189 0.554688 0.4375 0.132812 0.125
190 0.566406 0.431641 0.123047 0.117188
191 0.578125 0.427734 0.121094 0.117188
192 0.589844 0.423828 0.121094 0.117188
193 0.597656 0.417969 0.119141 0.115234
194 0.609375 0.416016 0.111328 0.109375
195 0.619141 0.412109 0.107422 0.103516
196 0.628906 0.408203 0.103516 0.105469
197 0.636719 0.40625 0.0996094 0.103516
198 0.646484 0.400391 0.0996094 0.103516
199 0.65625 0.398438 0.0957031 0.0976562
200 0.664062 0.394531 0.0957031 0.0976562
201 0.673828 0.392578 0.09375 0.0957031
